-- กำหนดรายการไอดีแมพที่อนุญาต (สามารถเพิ่มได้เรื่อยๆ ในวงเล็บปีกกา)
local AllowedPlaceIds = {
    77747658251236, -- แมพหลัก
    75159314259063,
    99684056491472,
}

-- ฟังก์ชันตรวจสอบไอดี
local function CheckPlaceId()
    for _, id in ipairs(AllowedPlaceIds) do
        if game.PlaceId == id then
            return true -- เจอไอดีที่ตรงกัน อนุญาตให้รัน
        end
    end
    return false -- ไม่เจอไอดีนี้ในรายการ
end

-- ถ้าต้องการเปิดใช้งานระบบล็อคแมพ ให้ลบเครื่องหมาย -- ข้างหน้า 4 บรรทัดด้านล่างนี้ออก
if not CheckPlaceId() then
    warn("Unauthorized Game: Script Execution Terminated.")
    return -- หยุดการทำงานทันที
end


local Fluent = loadstring(game:HttpGet("https://github.com/dawid-scripts/Fluent/releases/latest/download/main.lua"))()
local SaveManager = loadstring(game:HttpGet("https://raw.githubusercontent.com/dawid-scripts/Fluent/master/Addons/SaveManager.lua"))()
local InterfaceManager = loadstring(game:HttpGet("https://raw.githubusercontent.com/dawid-scripts/Fluent/master/Addons/InterfaceManager.lua"))()
local HttpService = game:GetService("HttpService")

-- บริการต่างๆ ของ Roblox
local ReplicatedStorage = game:GetService("ReplicatedStorage")
local Players = game:GetService("Players")
local Workspace = game:GetService("Workspace")
local RunService = game:GetService("RunService")
local UserInputService = game:GetService("UserInputService")
local VirtualInputManager = game:GetService("VirtualInputManager")
local VirtualUser = game:GetService("VirtualUser")
local CoreGui = game:GetService("CoreGui")
local TeleportService = game:GetService("TeleportService")
local LocalPlayer = Players.LocalPlayer 

-- [NEW] Mobile Support Logic (ปรับขนาดจอ)
local WindowSize = UDim2.fromOffset(580, 460) -- ขนาดปกติสำหรับ PC
if UserInputService.TouchEnabled then
    WindowSize = UDim2.fromOffset(480, 320) -- ขนาดเล็กสำหรับมือถือ (ปรับให้เล็กลง)
end

-- [สำคัญ] ตั้งชื่อหน้าต่างใส่ตัวแปรไว้ เพื่อให้ปุ่ม Mobile ค้นหาเจอ
local WindowTitle = "[🌑Eminence Update👑] Sailor Piece Script " .. Fluent.Version

-- สร้างหน้าต่าง UI
local Window = Fluent:CreateWindow({
    Title = WindowTitle,
    SubTitle = "By.Lume Dev",
    TabWidth = 160,
    Size = WindowSize, -- ใช้ขนาดที่เราคำนวณไว้
    Theme = "Rose", 
    MinimizeKey = Enum.KeyCode.RightControl -- ใช้ปุ่มนี้ในการ เปิด/ปิด
})

-- [NEW] สร้างปุ่ม Toggle เมนู (แสดงผลทุกอุปกรณ์ PC/Mobile)
do -- ใช้ do...end block แทน if เพื่อให้ตัวแปร local ไม่ชนกันข้างนอก
    local ScreenGui = Instance.new("ScreenGui")
    ScreenGui.Name = "MobileToggleGUI"
    ScreenGui.Parent = LocalPlayer:WaitForChild("PlayerGui")
    ScreenGui.ResetOnSpawn = false
    ScreenGui.DisplayOrder = 10000 
    
    local ToggleBtn = Instance.new("ImageButton")
    ToggleBtn.Name = "FluentToggle"
    ToggleBtn.Active = true 
    ToggleBtn.Size = UDim2.fromOffset(50, 50)
    ToggleBtn.Position = UDim2.new(0.5, -25, 0, 10)
    ToggleBtn.BackgroundColor3 = Color3.fromRGB(30, 30, 30)
    ToggleBtn.BackgroundTransparency = 0.3
    ToggleBtn.BorderSizePixel = 0
    ToggleBtn.Image = "rbxassetid://3926305904" 
    ToggleBtn.Parent = ScreenGui
    
    local UICorner = Instance.new("UICorner")
    UICorner.CornerRadius = UDim.new(1, 0)
    UICorner.Parent = ToggleBtn

    local TextLabel = Instance.new("TextLabel")
    TextLabel.Parent = ToggleBtn
    TextLabel.Size = UDim2.new(1, 0, 1, 0)
    TextLabel.BackgroundTransparency = 1
    TextLabel.Text = "MENU"
    TextLabel.TextColor3 = Color3.new(1, 1, 1)
    TextLabel.TextStrokeTransparency = 0
    TextLabel.Font = Enum.Font.GothamBold
    TextLabel.TextSize = 10
    TextLabel.ZIndex = 101
    TextLabel.Visible = true

    task.spawn(function()
        local imageLink = "https://img5.pic.in.th/file/secure-sv1/LOGO1f992f72d5a3be82.png"
        local fileName = "SailorLogo_v3.png"
        if writefile and getcustomasset and game.HttpGet then
            local success, result = pcall(function()
                local content = game:HttpGet(imageLink)
                writefile(fileName, content)
                return getcustomasset(fileName)
            end)
            if success and result and type(result) == "string" and result ~= "" then
                ToggleBtn.Image = result
                TextLabel.Visible = false
            end
        end
    end)
    
    -- [แก้ไข] การกดปุ่ม (Mobile Fix V14 - Targeted Wake-up)
    ToggleBtn.MouseButton1Click:Connect(function()
        ToggleBtn:TweenSize(UDim2.fromOffset(45, 45), "Out", "Quad", 0.1, true)
        task.wait(0.1)
        ToggleBtn:TweenSize(UDim2.fromOffset(50, 50), "Out", "Quad", 0.1, true)

        local foundAndSuccess = false
        
        -- ค้นหา GUI เป้าหมาย
        local locations = {CoreGui, LocalPlayer:FindFirstChild("PlayerGui")}
        for _, loc in pairs(locations) do
            if loc then
                for _, gui in pairs(loc:GetChildren()) do
                    if gui:IsA("ScreenGui") and gui.Name ~= "MobileToggleGUI" then
                        -- 1. หา Main Frame ที่ถูกต้อง (ที่มี Title ของเรา)
                        local mainFrame = nil
                        local isTarget = false
                        
                        -- เช็คว่าเป็น Fluent GUI หรือไม่ โดยดูจาก Title ข้างใน
                        -- เราจะไม่ Loop ลึกเกินไปเพื่อกันแลค และไม่เปิด Dropdown มั่ว
                        for _, child in pairs(gui:GetChildren()) do
                            if child:IsA("Frame") then
                                -- เช็คว่าเป็น Frame หลักหรือไม่ (ปกติ Frame หลักจะใหญ่)
                                if child.Size.X.Offset > 100 or child.Size.Y.Offset > 100 then
                                     -- ลองหา Title ใน Frame นี้
                                     for _, desc in pairs(child:GetDescendants()) do
                                        if desc:IsA("TextLabel") and (string.find(desc.Text, "Sailor Piece") or string.find(desc.Text, "Fluent")) then
                                            mainFrame = child
                                            isTarget = true
                                            break
                                        end
                                     end
                                end
                            end
                            if isTarget then break end
                        end
                        
                        if isTarget and mainFrame then
                            -- เจอเป้าหมายแล้ว!
                            
                            if not gui.Enabled then
                                -- 1. ถ้าปิดอยู่ -> เปิด + บังคับโชว์เฉพาะ Main Frame
                                gui.Enabled = true
                                mainFrame.Visible = true
                                Fluent:Notify({ Title = "Menu", Content = "Opened", Duration = 1 })
                            else
                                -- 2. ถ้าเปิดอยู่ (Enabled=true)
                                if not mainFrame.Visible then
                                    -- ถ้า Main Frame ซ่อนอยู่ (พับจอ) -> บังคับโชว์เฉพาะ Main Frame
                                    mainFrame.Visible = true
                                    Fluent:Notify({ Title = "Menu", Content = "Restored", Duration = 1 })
                                else
                                    -- ถ้าเปิดอยู่และเห็น Main Frame -> สั่งปิด
                                    gui.Enabled = false
                                    Fluent:Notify({ Title = "Menu", Content = "Closed", Duration = 1 })
                                end
                            end
                            foundAndSuccess = true
                            break
                        end
                    end
                end
            end
            if foundAndSuccess then break end
        end

        -- Backup Plan: ถ้าหา UI ไม่เจอจริงๆ ให้ใช้ VIM กดปุ่มช่วย
        if not foundAndSuccess then
            pcall(function()
                if VirtualInputManager then
                    VirtualInputManager:SendKeyEvent(true, Enum.KeyCode.RightControl, false, game)
                    task.wait(0.05)
                    VirtualInputManager:SendKeyEvent(false, Enum.KeyCode.RightControl, false, game)
                end
            end)
        end
    end)
    
    local dragging, dragInput, dragStart, startPos
    local function update(input)
        local delta = input.Position - dragStart
        ToggleBtn.Position = UDim2.new(startPos.X.Scale, startPos.X.Offset + delta.X, startPos.Y.Scale, startPos.Y.Offset + delta.Y)
    end
    ToggleBtn.InputBegan:Connect(function(input)
        if input.UserInputType == Enum.UserInputType.MouseButton1 or input.UserInputType == Enum.UserInputType.Touch then
            dragging = true
            dragStart = input.Position
            startPos = ToggleBtn.Position
            input.Changed:Connect(function()
                if input.UserInputState == Enum.UserInputState.End then dragging = false end
            end)
        end
    end)
    ToggleBtn.InputChanged:Connect(function(input)
        if input.UserInputType == Enum.UserInputType.MouseMovement or input.UserInputType == Enum.UserInputType.Touch then
            dragInput = input
        end
    end)
    UserInputService.InputChanged:Connect(function(input)
        if input == dragInput and dragging then update(input) end
    end)
end

-- สร้าง Tabs
local Tabs = {
    Main = Window:AddTab({ Title = "Main", Icon = "user" }),
    AllQuest = Window:AddTab({ Title = "All Quest", Icon = "book" }), 
    AutoFarm = Window:AddTab({ Title = "Auto Farm", Icon = "home" }),
    Dungeon = Window:AddTab({ Title = "Dungeon", Icon = "swords" }), -- Dedicated Dungeon Category
    Stats = Window:AddTab({ Title = "Stats", Icon = "list" }),
    Teleport = Window:AddTab({ Title = "Teleport", Icon = "map" }),
    Misc = Window:AddTab({ Title = "Misc", Icon = "component" }), -- Added Misc Tab
    Settings = Window:AddTab({ Title = "Settings", Icon = "settings" })
}

local Options = Fluent.Options

-- [NEW] State Tracking Variables (ตัวแปรเก็บสถานะจริงจาก Server)
local HakiState = { Active = false, HasAbility = false }
local ObsState = { Active = false, HasAbility = false }

--------------------------------------------------------------------------------
-- ฟังก์ชันสำหรับ Server (Hop/Rejoin/VIP)
--------------------------------------------------------------------------------

local function ServerHop()
    local PlaceId = game.PlaceId
    local JobId = game.JobId
    local servers = {}
    local success, result = pcall(function()
        return HttpService:JSONDecode(game:HttpGet("https://games.roblox.com/v1/games/" .. PlaceId .. "/servers/Public?sortOrder=Desc&limit=100"))
    end)
    
    if success and result and result.data then
        for _, server in ipairs(result.data) do
            if server.playing < server.maxPlayers and server.id ~= JobId then
                table.insert(servers, server.id)
            end
        end
    end
    
    if #servers > 0 then
        TeleportService:TeleportToPlaceInstance(PlaceId, servers[math.random(1, #servers)], LocalPlayer)
    else
        Fluent:Notify({ Title = "Server Hop", Content = "ไม่พบเซิร์ฟเวอร์อื่นที่เหมาะสม", Duration = 3 })
    end
end

local function RejoinServer()
    TeleportService:TeleportToPlaceInstance(game.PlaceId, game.JobId, LocalPlayer)
end

local function JoinByLink(link)
    if link == "" then
        Fluent:Notify({ Title = "Error", Content = "กรุณากรอกลิงก์เซิร์ฟเวอร์ก่อน", Duration = 3 })
        return 
    end
    
    -- แก้ไข: ดึงรหัส code จากลิงก์รูปแบบต่างๆ
    local code = link:match("code=([%w%-]+)") or link:match("privateServerLinkCode=([%w%-]+)")
    
    if code then
        Fluent:Notify({ Title = "Teleporting", Content = "กำลังเดินทางไปยังเซิร์ฟเวอร์ส่วนตัว...", Duration = 5 })
        
        -- แก้ไขวิธีวาร์ปสำหรับ Client:
        -- ใช้ TeleportService:Teleport โดยส่ง code เข้าไปในรูปแบบที่ระบบรองรับ
        pcall(function()
            TeleportService:TeleportToPlaceInstance(game.PlaceId, code, LocalPlayer)
        end)
        
        -- สำรอง: หากด้านบนไม่ทำงาน (ขึ้นกับตัวรัน) จะใช้วิธีนี้
        task.wait(1)
        pcall(function()
            TeleportService:Teleport(game.PlaceId, LocalPlayer, {["privateServerLinkCode"] = code})
        end)
    else
        Fluent:Notify({ Title = "Invalid Link", Content = "ลิงก์ไม่ถูกต้อง หรือไม่พบรหัสเข้าห้อง", Duration = 3 })
    end
end

--------------------------------------------------------------------------------
-- ส่วนจัดการ Config (Summon Bosses)
--------------------------------------------------------------------------------

local SummonBossConfig = {
    ["SaberBoss"] = {
        SummonArgs = "SaberBoss", 
        SpawnPosition = CFrame.new(828.112915, -0.397191525, -1130.7666, 0.819155693, 0, 0.573571265, 0, 1, 0, -0.573571265, 0, 0.819155693)
    },
    ["QinShiBoss"] = {
        SummonArgs = "QinShiBoss",
        SpawnPosition = CFrame.new(828.112915, -0.397191525, -1130.7666, 0.819155693, 0, 0.573571265, 0, 1, 0, -0.573571265, 0, 0.819155693) 
    }
}

--------------------------------------------------------------------------------
-- ส่วนจัดการ Config (Farm Modes & Locations)
--------------------------------------------------------------------------------

local TeleportLocations = {
    ["SnowIsland"] = CFrame.new(-223.847488, -1.80199099, -1062.93848, 0.92051065, 0, 0.390717506, 0, 1, 0, -0.390717506, 0, 0.92051065),
    ["ShibuyaStation"] = CFrame.new(1359.47205, 10.5156441, 249.582214, 0.978984475, -0, -0.203934819, 0, 1, -0, 0.203934819, 0, 0.978984475),
    ["SailorIsland"] = CFrame.new(235.137619, 3.10643435, 659.73407, 0.987685978, 0, 0.156449571, 0, 1, 0, -0.156449571, 0, 0.987685978),
    ["JungleIsland"] = CFrame.new(-446.587311, -3.56074214, 368.797546, 0.848060429, -0, -0.529899538, 0, 1, -0, 0.529899538, 0, 0.848060429),
    ["DesertIsland"] = CFrame.new(-768.975037, -2.13288236, -361.697754, 0.984812498, -0, -0.173621148, 0, 1, -0, 0.173621148, 0, 0.984812498),
    ["BossIsland"] = CFrame.new(667.690002, -1.53785121, -1125.21899, 0.819155693, 0, 0.573571265, 0, 1, 0, -0.573571265, 0, 0.819155693),
    ["StarterIsland"] = CFrame.new(-94.7449417, -1.98583961, -244.801849, 0.990270376, -0, -0.13915664, 0, 1, -0, 0.13915664, 0, 0.990270376),
    ["XmasIsland"] = CFrame.new(282.780884, -2.77514267, -1479.36353, 0.987658858, -0, -0.156620622, 0, 1, -0, 0.156620622, 0, 0.987658858),
    ["HuecoMundoIsland"] = CFrame.new(-482.868896, -2.05866098, 936.237061, 0.838688612, -0, -0.544611216, 0, 1, -0, 0.544611216, 0, 0.838688612),
    ["DungeonIsland"] = CFrame.new(1298, 4, -841, 1, 0, 0, 0, 1, 0, 0, 0, 1)
}

local FarmModes = {
    ["Level 1-10 (Thief)"] = {
        Mobs = {"Thief"}, 
        QuestNPC = "QuestNPC1",
        MapName = "SailorIsland"
    },
    ["Level 25 (Thief Boss)"] = {
        Mobs = {"ThiefBoss", "Thief Boss"},
        QuestNPC = "QuestNPC2",
        MapName = "SailorIsland"
    },
    ["Level 250 (Monkey)"] = {
        Mobs = {"Monkey"},
        QuestNPC = "QuestNPC3",
        MapName = "JungleIsland"
    },
    ["Level 500 (Monkey Boss)"] = {
        Mobs = {"MonkeyBoss", "Monkey Boss"},
        QuestNPC = "QuestNPC4",
        MapName = "JungleIsland"
    },
    ["Level 750 (Desert Bandit)"] = {
        Mobs = {"DesertBandit", "Desert Bandit"},
        QuestNPC = "QuestNPC5",
        MapName = "DesertIsland"
    },
    ["Level 1000 (Desert Boss)"] = {
        Mobs = {"DesertBoss", "Desert Boss"},
        QuestNPC = "QuestNPC6",
        MapName = "DesertIsland"
    },
    ["Level 1500 (Frost Rogue)"] = {
        Mobs = {"FrostRogue", "Frost Rogue"},
        QuestNPC = "QuestNPC7",
        MapName = "SnowIsland"
    },
    ["Level 2000 (Snow Boss)"] = {
        Mobs = {"SnowBoss", "Snow Boss"},
        QuestNPC = "QuestNPC8",
        MapName = "SnowIsland"
    },
    ["Level 3000 (Sorcerer)"] = {
        Mobs = {"Sorcerer"}, 
        QuestNPC = "QuestNPC9",
        MapName = "ShibuyaStation"
    },
    ["Level 4000 (Panda MiniBoss)"] = {
        Mobs = {"PandaMiniBoss", "Panda MiniBoss", "Panda Boss", "Panda"}, 
        QuestNPC = "QuestNPC10",
        MapName = "ShibuyaStation"
    },
    ["Level 5000 (Hollow)"] = {
        Mobs = {"Hollow", "Hollow"}, 
        QuestNPC = "QuestNPC11",
        MapName = "HuecoMundoIsland"
    }
}

local NPCLocations = {
    ["Dark Blade Quest"] = CFrame.new(-122.211426, 14.817399, -1174.63635, -0.421103358, 0.0198266618, -0.906795979, -0.0300569907, 0.99890697, 0.0357986763, 0.906514585, 0.0423304997, -0.420047164),
    ["Haki Trainer"] = CFrame.new(-487.659241, 23.6579151, -1336.01538, 0.92051065, 0, 0.390717506, 0, 1, 0, -0.390717506, 0, 0.92051065),
    ["Santa"] = CFrame.new(406.284241, -3.7726171, -1446.953, 0.163159549, 0, 0.986599863, 0, 1, 0, -0.986599863, 0, 0.163159549),
    ["RagnaBuyer"] = CFrame.new(92.6486816, -2.46826172, -1460.51953, -0.390527487, 0, 0.920591295, 0, 1, 0, -0.920591295, 0, -0.390527487),
    ["RagnaQuestlineBuff"] = CFrame.new(446.879944, 43.6973267, -1923.98523, -0.202871442, 0.0159231964, -0.979075968, -0.00936316326, 0.999790549, 0.0182002001, 0.979160726, 0.0128595475, -0.202679873),
    ["SummonBossNPC"] = CFrame.new(692.040527, -3.67419362, -1085.31812, -0.819156051, 0, -0.544611216, 0, 1, 0, 0.544611216, 0, -0.819156051),
    ["EnchantNPC"] = CFrame.new(1415.31274, 8.84003067, 7.40811729, -0.989795089, 0, 0.142497987, 0, 1, 0, -0.142497987, 0, -0.989795089),
    ["GojoNpc"] = CFrame.new(1741.59265, 157.300507, 514.805054, -0.305511117, 0.00515563227, -0.952174604, 0.0269237738, 0.999632299, -0.00322606321, 0.951807797, -0.0266217291, -0.305537581),
    ["SukunaNpc"] = CFrame.new(1325.80103, 162.85965, -34.6844749, 0.142420411, -0.0172595233, 0.989655793, -3.65991145e-05, 0.999847889, 0.0174425393, -0.989806235, -0.00252039498, 0.142398119),
    ["Jinwoo Npc"] = CFrame.new(91.2260056, 2.98423171, 1097.46631, -0.819854856, -0.00342408568, 0.572561085, -0.0105738947, 0.999902129, -0.00916113332, -0.572473705, -0.0135650001, -0.819810867),
    ["TitleNpc"] = CFrame.new(369.152405, 2.79983521, 783.487427, -0.156446099, 0, 0.987686574, 0, 1, 0, -0.987686574, 0, -0.156446099),
    ["Random Fruit (Gem)"] = CFrame.new(400.641937, 2.79983521, 752.175842, -0.156446099, 0, 0.987686574, 0, 1, 0, -0.987686574, 0, -0.156446099),
    ["Random Fruit (Coin)"] = CFrame.new(408.244568, 2.82981968, 802.734131, -0.156446099, 0, 0.987686574, 0, 1, 0, -0.987686574, 0, -0.156446099),
    ["StorageNpc"] = CFrame.new(329.949493, 2.94520569, 764.059326, 0.15644598, -0, -0.987686574, 0, 1, -0, 0.987686574, 0, 0.15644598),
    ["TraitsNpc"] = CFrame.new(337.284302, 2.79983521, 813.846558, 0.15644598, -0, -0.987686574, 0, 1, -0, 0.987686574, 0, 0.15644598),
    ["AizenNpc"] = CFrame.new(-346.134552, 12.9912338, 1402.1001, -0.510350227, 0, -0.859966636, 0, 1, 0, 0.859966636, 0, -0.510350227),
    ["AizenQuestBuff"] = CFrame.new(-892.005066, 24.7202606, 1229.99414, -0.173624277, 0, 0.984811902, 0, 1, 0, -0.984811902, 0, -0.173624277),
    ["ObservationBuyer"] = CFrame.new(-787.772278, 12.1339779, -540.441956, -0.984812617, 0, 0.173621148, 0, 1, 0, -0.173621148, 0, -0.984812617),
    ["ArtifactsUnlocker"] = CFrame.new(-430.236389, 1.77979147, -1179.23547, -0.92051065, 0, -0.390717506, 0, 1, 0, 0.390717506, 0, -0.390717506),
    ["YujiBuyerNPC"] = CFrame.new(1240.19263, 136.700775, 408.188354, -0.35190773, 0, 0.936034739, 0, 1, 0, -0.936034739, 0, -0.35190773),
    ["RerollStatNPC"] = CFrame.new(373.071747, 2.79983521, 810.098328, -0.156446099, 0, 0.987686574, 0, 1, 0, -0.987686574, 0, -0.156446099),
    ["Merchant"] = CFrame.new(368.817719, 2.79983521, 783.589844, -0.156446099, 0, 0.987686574, 0, 1, 0, -0.987686574, 0, -0.156446099),
    ["ShadowQuestlineBuff"]= CFrame.new(335.123474, 25.5055599, -377.073486, 0.690896153, -0.0138966013, -0.722820461, 0.000865913928, 0.999830425, -0.0183945931, 0.722953498, 0.0120828543, 0.690791011),
    ["CidBuyer"]= CFrame.new(1428.22986, 49.2211456, -976.904297, 0.906293869, 0.0733761713, -0.416230023, -4.76837158e-07, 0.984814584, 0.173609525, 0.422648191, -0.157341033, 0.892531395)
}

local BossLocations = {
    ["JinwooBoss"] = CFrame.new(311.442261, 7.59386587, 946.90509, -0.953600168, 0, -0.301075935, 0, 1, 0, 0.301075935, 0, -0.953600168),
    ["SukunaBoss"] = CFrame.new(1571.26672, 80.2205353, -34.1126976, 1, 0, 0, 0, 1, 0, 0, 0, 1),
    ["GojoBoss"] = CFrame.new(1855.56628, 8.48613453, 341.594879, 0.999688804, -0, -0.0249451213, 0, 1, -0, 0.0249451213, 0, 0.999688804),
    ["AizenBoss"] = CFrame.new(-567.223083, 2.57872534, 1228.49036, 1, 0, 0, 0, 1, 0, 0, 0, 1),
    ["YujiBoss"] = CFrame.new(1537.92871, 12.9861355, 226.108246, 1, 0, 0, 0, 1, 0, 0, 0, 1)
}

local WeaponGroups = {
    ["Combat"] = {
        "Combat" , "Gojo" , "Sukuna", "Qin Shi","Yuji"
    }, 
    ["Sword"] = { 
        "Katana", "Dark Blade", "Ragna", "Saber", "Jinwoo" , 'Aizen' , "Shadow"
    } 
}

local CurrentMode = "Level 1-10 (Thief)"
local CodeList = {
    "200KVISITS", "3000CCU", "3KLIKES", "QUESTBUGFIXSORRY",
    "UPDATE0.5", "TRAITS", "NEWYEAR", "CHRISTMAS", "RELEASE"
}

--------------------------------------------------------------------------------
-- ส่วนจัดการ Remote Events (Farm, Stats, Codes)
--------------------------------------------------------------------------------

local function AcceptQuest()
    local npcName = FarmModes[CurrentMode].QuestNPC
    local args = { npcName }
    local remote = ReplicatedStorage:WaitForChild("RemoteEvents"):WaitForChild("QuestAccept", 2)
    if remote then
        remote:FireServer(unpack(args))
    end
end

local function AbandonQuest()
    local remote = ReplicatedStorage:WaitForChild("RemoteEvents"):WaitForChild("QuestAbandon", 2)
    if remote then
        remote:FireServer()
    end
end

local function RequestHit()
    local combatSystem = ReplicatedStorage:WaitForChild("CombatSystem", 5)
    if combatSystem then
        local remotes = combatSystem:WaitForChild("Remotes", 5)
        if remotes then
            local hitRemote = remotes:WaitForChild("RequestHit", 5)
            if hitRemote then
                hitRemote:FireServer()
            end
        end
    end
end

local function UpgradeStat(statName)
    local args = { statName, 999 }
    local remote = ReplicatedStorage:WaitForChild("RemoteEvents"):WaitForChild("AllocateStat", 2)
    if remote then
        remote:FireServer(unpack(args))
    end
end

local function ResetStats()
    local remote = ReplicatedStorage:WaitForChild("RemoteEvents"):WaitForChild("ResetStats", 2)
    if remote then
        remote:FireServer()
    end
end

local function RedeemCode(code)
    local args = { code }
    local remote = ReplicatedStorage:WaitForChild("RemoteEvents"):WaitForChild("CodeRedeem")
    if remote then
        pcall(function()
            remote:InvokeServer(unpack(args))
        end)
    end
end

local function EquipWeapon(groupName)
    if not LocalPlayer.Character then return end
    local humanoid = LocalPlayer.Character:FindFirstChild("Humanoid")
    if not humanoid then return end

    local targetWeapons = WeaponGroups[groupName] or {groupName}

    for _, name in ipairs(targetWeapons) do
        local equipped = LocalPlayer.Character:FindFirstChild(name)
        if equipped then return end 
    end

    if LocalPlayer:FindFirstChild("Backpack") then
        for _, name in ipairs(targetWeapons) do
            local tool = LocalPlayer.Backpack:FindFirstChild(name)
            if tool then
                humanoid:EquipTool(tool)
                return 
            end
        end
    end
end

local function TeleportTo(cframe)
    if LocalPlayer.Character and LocalPlayer.Character:FindFirstChild("HumanoidRootPart") then
        LocalPlayer.Character.HumanoidRootPart.CFrame = cframe
    end
end

--------------------------------------------------------------------------------
-- ระบบ ESP (Main Tab)
--------------------------------------------------------------------------------
local ESP_Enabled = false
local ESP_Connections = {}

local function UpdateESP()
    for _, player in pairs(Players:GetPlayers()) do
        if player ~= LocalPlayer and player.Character and player.Character:FindFirstChild("HumanoidRootPart") then
            local root = player.Character.HumanoidRootPart
            local esp = root:FindFirstChild("FluentESP")
            
            if ESP_Enabled then
                if not esp then
                    esp = Instance.new("BillboardGui")
                    esp.Name = "FluentESP"
                    esp.Size = UDim2.new(0, 200, 0, 50)
                    esp.AlwaysOnTop = true
                    esp.StudsOffset = Vector3.new(0, 3.5, 0)
                    
                    local nameLabel = Instance.new("TextLabel", esp)
                    nameLabel.Size = UDim2.new(1, 0, 1, 0)
                    nameLabel.BackgroundTransparency = 1
                    nameLabel.TextColor3 = Color3.fromRGB(255, 105, 180) -- สีชมพู Rose
                    nameLabel.TextStrokeTransparency = 0
                    nameLabel.TextStrokeColor3 = Color3.new(0,0,0)
                    nameLabel.TextSize = 14
                    nameLabel.Font = Enum.Font.Bold
                    nameLabel.Name = "NameLabel"
                    
                    esp.Parent = root
                end
                
                local myRoot = LocalPlayer.Character and LocalPlayer.Character:FindFirstChild("HumanoidRootPart")
                if myRoot then
                    local dist = (myRoot.Position - root.Position).Magnitude
                    esp.NameLabel.Text = string.format("%s\n[%.0f m]", player.Name, dist)
                end
            else
                if esp then esp:Destroy() end
            end
        end
    end
end

--------------------------------------------------------------------------------
-- UI Elements
--------------------------------------------------------------------------------

do
    -- >> Tab: Main <<
    
    -- [Group] Player Mods
    Tabs.Main:AddSection("Player Mods")
    
    local SpeedToggle = Tabs.Main:AddToggle("SpeedHack", {Title = "Speed Hack", Default = false })
    SpeedToggle:OnChanged(function()
        if not Options.SpeedHack.Value then
            if LocalPlayer.Character and LocalPlayer.Character:FindFirstChild("Humanoid") then
                LocalPlayer.Character.Humanoid.WalkSpeed = 16 
            end
        end
    end)
    
    local JumpToggle = Tabs.Main:AddToggle("InfJump", {Title = "Infinity Jump", Default = false })
    local ESPToggle = Tabs.Main:AddToggle("EspPlayer", {Title = "ESP Player", Default = false })
    
    ESPToggle:OnChanged(function()
        ESP_Enabled = Options.EspPlayer.Value
    end)

    -- [Group] Redeem Codes
    Tabs.Main:AddSection("Redeem Codes")

    Tabs.Main:AddButton({
        Title = "Redeem All Codes",
        Description = "รับของรางวัลจากทุกโค้ด",
        Callback = function()
            for _, code in ipairs(CodeList) do
                task.spawn(function()
                    RedeemCode(code)
                end)
                task.wait(0.1) 
            end
            Fluent:Notify({ Title = "Success", Content = "Redeemed all codes!", Duration = 3 })
        end
    })

    -- [Group] Chests
    Tabs.Main:AddSection("Chests")
    Tabs.Main:AddToggle("AutoOpenChests", {Title = "Auto Open Chests", Default = false })
end

do
    -- >> Tab: All Quest <<
    Tabs.AllQuest:AddSection("Haki Quest")
    
    Tabs.AllQuest:AddParagraph({
        Title = "Auto Quest Haki",
        Content = "1. Teleport to Haki Teacher\n2. Press E\n3. Farm Thieves (Combat Only)"
    })

    local HakiQuestToggle = Tabs.AllQuest:AddToggle("AutoQuestHaki", {Title = "Auto Quest Haki", Default = false })
    local SkillZToggle = Tabs.AllQuest:AddToggle("UseSkillZHaki", {Title = "Use Skill Z", Default = false })
    local PunchToggle = Tabs.AllQuest:AddToggle("AutoPunchHaki", {Title = "Auto Punch", Default = false })
    
    -- Variables for logic
    local HakiState = "NPC"
    
    HakiQuestToggle:OnChanged(function()
        if not Options.AutoQuestHaki.Value then
            HakiState = "NPC" -- Reset logic when turned off
        end
    end)

    -- Logic Loop for Haki Quest
    task.spawn(function()
        local npcFrame = CFrame.new(-487.659241, 23.6579151, -1336.01538, 0.92051065, 0, 0.390717506, 0, 1, 0, -0.390717506, 0, 0.92051065)
        while true do
            task.wait()
            if Options.AutoQuestHaki.Value then
                pcall(function()
                    EquipWeapon("Combat") -- Force Combat
                    
                    if HakiState == "NPC" then
                        TeleportTo(npcFrame)
                        -- Check distance
                        if (LocalPlayer.Character.HumanoidRootPart.Position - npcFrame.Position).Magnitude < 10 then
                            task.wait(0.5)
                            -- Press E once
                            VirtualInputManager:SendKeyEvent(true, Enum.KeyCode.E, false, game)
                            task.wait(0.1)
                            VirtualInputManager:SendKeyEvent(false, Enum.KeyCode.E, false, game)
                            task.wait(1)
                            Fluent:Notify({ Title = "Haki Quest", Content = "Quest Accepted! Starting Farm...", Duration = 3 })
                            HakiState = "Farm" -- Switch state to farm
                        end
                    elseif HakiState == "Farm" then
                        -- Find Closest Thief from the Config List (Smart Match)
                        local closestThief = nil
                        local minDst = math.huge
                        local myRoot = LocalPlayer.Character and LocalPlayer.Character:FindFirstChild("HumanoidRootPart")
                        
                        -- Define target names
                        local targetNames = FarmModes["Level 1-10 (Thief)"].Mobs
                        
                        if myRoot then
                             local searchLocations = {Workspace, Workspace:FindFirstChild("Enemies"), Workspace:FindFirstChild("Mobs"), Workspace:FindFirstChild("NPCs"), Workspace:FindFirstChild("Npcs")}
                             
                             for _, location in pairs(searchLocations) do
                                if location then
                                    for _, v in pairs(location:GetChildren()) do
                                        -- Smart Match Logic
                                        local isTarget = false
                                        for _, name in pairs(targetNames) do
                                            -- ค้นหาชื่อที่มี Thief แต่ไม่มีคำว่า Boss
                                            if string.find(v.Name, name) then
                                                if not string.find(name:lower(), "boss") and string.find(v.Name:lower(), "boss") then
                                                    isTarget = false -- ข้ามถ้าเราจะเอา Thief แต่ตัวที่เจอดันมีชื่อ Boss
                                                else
                                                    isTarget = true
                                                    break
                                                end
                                            end
                                        end

                                        if isTarget and v:FindFirstChild("Humanoid") and v.Humanoid.Health > 0 and v:FindFirstChild("HumanoidRootPart") then
                                            local dst = (myRoot.Position - v.HumanoidRootPart.Position).Magnitude
                                            if dst < minDst then
                                                minDst = dst
                                                closestThief = v
                                            end
                                        end
                                    end
                                end
                             end
                        end
                        
                        if closestThief then
                            local tPos = closestThief.HumanoidRootPart.CFrame * CFrame.new(0, 0, 3)
                            TeleportTo(CFrame.lookAt(tPos.Position, closestThief.HumanoidRootPart.Position))
                            RequestHit() 
                        end
                    end
                end)
            end
        end
    end)
    
    -- Logic Loop for Skill Z
    task.spawn(function()
        while true do
            task.wait(1)
            if Options.UseSkillZHaki.Value then
                VirtualInputManager:SendKeyEvent(true, Enum.KeyCode.Z, false, game)
                task.wait(0.1)
                VirtualInputManager:SendKeyEvent(false, Enum.KeyCode.Z, false, game)
            end
        end
    end)

    -- Logic Loop for Auto Punch (Combat Only)
    task.spawn(function()
        while true do
            task.wait(0.1)
            if Options.AutoPunchHaki.Value then
                 pcall(function()
                    EquipWeapon("Combat")
                    RequestHit()
                 end)
            end
        end
    end)

    -- Jinwoo Quest Section
    Tabs.AllQuest:AddSection("Jinwoo Quest")
    
    Tabs.AllQuest:AddParagraph({
        Title = "Auto Quest Jinwoo",
        Content = "1.Jinwoo questline : Take 10M damage, kill 750 NPCs, deal 100M damage, kill 35 players, kill Jinwoo Boss 15 times \n2. item :  2,500,000 Money + 7,500 Gems + 6x Abyss Eadge + 3x Dark Ring + 1x Shadow Heart."
    })

    local JinwooQuestToggle = Tabs.AllQuest:AddToggle("AutoQuestJinwoo", {Title = "Auto Quest Jinwoo", Default = false })
    local JinwooFarmMobsToggle = Tabs.AllQuest:AddToggle("AutoFarmJinwooMobs", {Title = "Kill 750 NPCs", Default = false }) 
    local JinwooKillPlayersToggle = Tabs.AllQuest:AddToggle("AutoKill35Players", {Title = "Auto Kill 35 Players", Default = false }) 
    local JinwooDummyToggle = Tabs.AllQuest:AddToggle("AutoDummyJinwoo", {Title = "Auto Farm Dummy", Default = false }) -- ฟังก์ชันใหม่ที่เพิ่มเข้ามาตามคำขอ
    
    local JinwooState = "NPC"
    
    JinwooQuestToggle:OnChanged(function()
        if not Options.AutoQuestJinwoo.Value then
            JinwooState = "NPC"
        end
    end)

    -- ระบบ Auto Farm Dummy (TrainingDummy)
    task.spawn(function()
        while true do
            task.wait()
            if Options.AutoDummyJinwoo and Options.AutoDummyJinwoo.Value then
                pcall(function()
                    local dummy = nil
                    -- ค้นหา TrainingDummy ใน Workspace
                    local searchLocations = {Workspace, Workspace:FindFirstChild("NPCs"), Workspace:FindFirstChild("Npcs"), Workspace:FindFirstChild("Mobs")}
                    for _, loc in pairs(searchLocations) do
                        if loc then
                            local found = loc:FindFirstChild("TrainingDummy")
                            if found and found:FindFirstChild("HumanoidRootPart") then
                                dummy = found
                                break
                            end
                        end
                    end

                    if dummy then
                        local targetRoot = dummy.HumanoidRootPart
                        local tPos = targetRoot.CFrame * CFrame.new(0, 0, 3.5)
                        
                        TeleportTo(tPos)
                        LocalPlayer.Character.HumanoidRootPart.CFrame = CFrame.lookAt(LocalPlayer.Character.HumanoidRootPart.Position, targetRoot.Position)
                        
                        EquipWeapon(Options.SelectWeapon.Value)
                        RequestHit()
                    end
                end)
            end
        end
    end)

    -- ระบบ Auto Kill Players (35 Players)
    task.spawn(function()
        while true do
            task.wait()
            if Options.AutoKill35Players and Options.AutoKill35Players.Value then
                pcall(function()
                    local closestPlayer = nil
                    local minDistance = math.huge
                    
                    for _, player in pairs(Players:GetPlayers()) do
                        if player ~= LocalPlayer and player.Character and player.Character:FindFirstChild("HumanoidRootPart") and player.Character:FindFirstChild("Humanoid") and player.Character.Humanoid.Health > 0 then
